-1.6636466	6.8383375
-7.8340801	3.093586
-1.9748021	-5.0582075
-1.5812416	-4.7741822
-2.0357666	-3.9500248
-8.6703595	3.7047855
-1.6438634	-4.3482314
-1.5918177	-5.2688846
-1.4800267	6.9050755
-1.3390733	-3.9840631
-1.8408831	6.4721595
-8.5382253	3.1998487
-1.8467346	6.2826459
-1.5526542	-4.5266302
-2.2629793	-4.6950858
-2.0566393	6.8234491
-1.9207504	-4.8676956
-1.94522	6.8098001
-1.8707975	6.8802474
-7.7453154	3.912403
-8.2381809	3.7846965
-1.4537524	-5.508579
-1.9086283	6.8024441
-2.2104284	-5.4036962
-1.2833434	-5.2065112
-8.0259391	3.957747
-1.3183201	-4.663725
-1.8895071	6.5590229
-1.5112128	-4.4459916
-1.6018429	-4.7070146
-8.409444	3.9318684
-1.8991765	-4.0214677
-1.2877147	-4.4790147
-2.1379026	-4.3922803
-1.6355781	6.6319784
-2.187683	-4.5354929
-1.8498296	6.8877304
-1.4150105	-4.5463502
-1.8834159	6.9927029
-1.8529281	7.4913624
-1.8984429	-5.0152371
-2.0498033	-5.078562
-1.8858304	7.2183865
-1.9843605	-5.1910088
-8.2831963	3.8813244
-1.7902296	6.5699905
-7.8822963	3.8846562
-0.4716417	-3.9714399
-2.0459558	7.131728
-1.7478532	5.7504378
-1.9036994	-4.1206135
-7.5743371	3.5430966
-1.754817	6.7416751
-1.1863225	-3.9424267
-8.7948801	3.5969486
-1.319837	-4.2283945
-1.8401676	-4.2927491
-0.7269999	-4.2736806
-1.7955092	-5.1437331
-1.7313373	6.8924389
-1.7296929	7.0568746
-2.5519781	-4.7844573
-1.99459	-5.1829937
-1.7581443	6.515937
-2.7412057	-4.7767637
-1.7064484	6.3916408
-1.6108752	7.0368161
-1.5285449	-4.9452721
-8.0835463	4.0444282
-8.1827882	3.8492551
-1.5888622	-4.4832241
-7.9126178	3.1630697
-2.6263241	-3.7803158
-1.6438801	6.1780271
-2.1063195	-4.7749471
-2.1350887	7.4630372
-1.7951108	-4.4123504
-1.5584529	-4.3297634
-8.4173621	3.5010936
-1.4765884	-3.958339
-1.2743034	-4.3866663
-7.8232412	3.831946
-8.2624144	4.3301841
-1.7676958	6.3011596
-1.6275084	-4.892595
-1.9928788	6.8661982
-1.7446756	6.8945578
-2.0184475	-4.0992815
-1.8248594	-4.913979
-1.1018032	-4.8429531
-7.827446	3.8571671
-1.6599092	6.26112
-1.3477318	-4.55656
-1.4941677	-4.0519954
-1.3054914	-4.0221867
-7.7596985	3.3915128
-2.2103718	7.1907902
-8.2466674	3.7568772
-1.8209101	6.8647602
-1.8608621	6.4350658
-1.4813815	-5.236125
-1.9978109	-4.2737576
-1.3571723	-4.4085086
-8.0354858	3.3270676
-2.5428196	-5.1459515
-1.0107955	-5.0707296
-8.0091101	3.8060368
-0.9978271	-4.7490073
-1.6159412	-4.6114552
-2.0189974	6.6762757
-7.9406369	3.9543637
-1.2244872	-4.1902723
-1.6637273	-4.4314617
-8.1783793	3.2990134
-1.7859246	6.8313491
-1.9182078	-4.760692
-1.9441682	7.212834
-7.3565103	3.8217594
-1.4546368	-4.7672427
-0.8574041	-5.2960293
-7.7979828	3.8047221
-1.4507149	-3.8182535
-1.2472189	-3.3939001
-2.5602573	-4.4750796
-2.3078967	-3.8530783
-1.5196839	-4.5956152
-1.3552534	-4.757694
-1.1346443	-5.1659298
-1.8921348	6.6828061
-1.8569909	-4.7608085
-1.9246223	-3.7666331
-1.7716215	-5.1654418
-1.7572974	-4.5958488
-1.1371844	-5.1739577
-1.9740947	-5.1593576
-7.9911493	3.5103483
-1.6380005	-4.6631174
-1.5120458	-4.745875
-1.9829535	7.1456513
-1.087639	-5.4702428
-2.3986896	-4.3758898
-1.1287091	-4.0555054
-2.4069632	-5.2388698
-7.7070333	3.6710172
-8.8400741	3.5794532
-2.2555986	-5.1468387
-1.3098281	-3.5516924
-2.0317466	-4.642738
-1.1488413	-3.4367441
-2.2805612	-5.0517556
-1.6766051	6.5970858
-8.3525139	4.2187039
-2.683697	-4.9320403
-2.1079925	-5.3890284
-0.9792684	-4.9618683
-1.8292746	6.850862
-1.5293798	-4.5612846
-1.2637155	-3.7883637
-1.4571875	-4.4164527
-2.2062176	-4.2619052
-2.0547272	-4.6685007
-1.687006	5.852615
-1.6847257	6.7253351
-2.2678377	-5.1633008
-1.7956977	-5.4233715
-2.1749746	-4.9206555
-7.9857737	3.7129979
-1.7181641	-4.7088499
-2.0792854	-4.817114
-8.207685	4.2008571
-1.6580469	-4.4114578
-7.9661338	3.907519
-1.595625	-4.5374634
-1.9786771	6.4195073
-1.0840164	-3.9575994
-1.742852	-4.4311178
-1.5937945	-4.1926948
-1.1475252	-5.1719498
-7.8992226	4.1559547
-2.2386492	-5.6802101
-8.9671938	3.876127
-1.5918211	6.3871057
-1.7771072	-4.2567867
-7.8053513	3.5867879
-8.0530053	3.7641646
-1.869002	-5.0584971
-1.0205631	-4.2967238
-1.010584	-3.9094167
-1.3456416	-4.0526781
-1.9112698	-4.371596
-1.7798569	-3.9894148
-7.7240934	3.5732078
-8.5067917	3.8022375
-8.4931498	3.8908946
-1.8430439	-4.3627991
-1.8893896	-4.9571618
-2.0688262	-4.0825074
-1.5469031	-4.9992628
-1.4081732	-3.8947301
-8.2130193	3.5552203
-8.016359	3.8794687
-1.9491978	6.9363799
-2.376026	-4.336381
-1.8885802	6.4893073
-8.1061556	4.2854676
-1.6014554	-4.1369571
-7.741333	4.3336752
-1.6239174	-5.0018876
-7.8532467	3.457649
-1.701808	-5.0265484
-1.8513241	6.3611684
-1.4950545	-3.8127753
-0.9721324	-4.1163395
-1.7150735	-3.9416418
-1.857321	6.8717688
-1.4999441	-4.612283
-2.3870697	-4.8334425
-8.0453796	3.9463011
-7.8100464	3.3721188
-1.9766004	-5.5662307
-1.8337164	-4.4649226
-2.4823877	-5.1307541
-8.2300933	4.0282769
-1.5233006	-4.414311
-8.5254683	4.0480164
-1.5365974	-5.7398635
-0.7638249	-5.2894797
-1.5260159	-4.2451966
-1.7582486	-3.843617
-0.9438642	-3.9400314
-1.6136272	-4.5745557
-7.4457082	3.1379831
-8.198077	3.0779757
-8.0609461	4.3317019
-8.0915917	3.7332398
-2.1824368	-4.3881164
-1.5746674	-4.7183241
-2.0883597	-4.5225157
-8.1949118	4.1114869
-8.3587122	3.6897495
-1.1497208	-4.3018648
-2.0170745	6.7192608
-1.7215523	-5.4023477
-1.5456605	-4.5840929
-1.6913106	6.6807101
-2.1331302	7.6103099
-1.6760774	-4.4044191
-7.969005	4.3011301
-1.835059	6.4818371
-1.6781921	-4.291213
-1.0956461	-4.6555056
-1.7766374	-4.7192524
-2.0028704	6.8847849
-0.9295169	-5.1122883
-1.6877373	-4.2406874
-7.661967	4.4746595
-1.3671952	-5.0228979
-1.939299	6.5722416
-1.7300882	6.9249802
-1.4478612	-4.4594643
-1.4854431	-4.5376111
-8.5186127	3.6207977
-1.7043157	6.5632521
-1.6412602	5.9581115
-1.5294908	-4.7761652
-8.3984235	4.0929596
-1.3815846	-4.5139449
-2.0900559	-5.3491853
-1.2638084	-4.4992577
-1.8553597	-3.9830411
-1.765405	-4.5139757
-1.7860605	7.1160728
-1.8831688	-5.3735589
-7.9795907	4.0370008
-1.6377658	6.6496676
-2.4165379	-4.774767
-1.7253525	6.5046906
-1.7053775	-4.9169214
-7.4763207	3.0993338
-8.3366276	3.7775201
-1.7888909	-4.717436
-1.7468092	-5.0240486
-2.2016698	-3.9046882
-0.9813503	-4.1696349
-1.8919146	-4.8983392
-1.8625099	-5.3838224
-8.205225	3.9555634
-1.366843	-4.8414744
-8.4008103	3.7789209
-1.8449635	-4.1378494
-1.6956891	-3.2275549
-1.5701097	-4.7198427
-1.6255452	-4.9862362
-1.8472983	6.9641108
-8.2489325	4.3154889
-2.2927502	-4.4629276
-2.0142572	-4.7734777
-1.2504347	-3.9693724
-2.1984613	-4.8674748
-8.5944555	3.8151314
-1.6374337	-5.0517179
-1.8232649	-5.3760057
-1.1695879	-4.9801696
-1.6410406	-4.0516858
-2.9312587	-4.9069986
-2.0862032	-4.3718939
-1.4011265	-5.0368279
-2.092502	-4.7971624
-8.335672	3.9350387
-1.7354843	-5.5017351
-2.0086277	-5.2774766
-8.585631	3.8898488
-1.4200577	-4.6845833
-8.3771686	4.3437959
-1.4543226	-4.1898101
-1.0740733	-4.0480814
-1.6123901	6.4444628
-2.2502768	-4.0272501
-1.8373503	7.0876726
-1.7776259	-4.9914573
-1.4548849	-4.7439398
-1.1783686	-4.7134348
-2.0705646	6.647172
-8.6294967	3.6186864
-1.8518808	6.4838851
-2.2387409	-4.7230869
-1.5205298	-5.3233841
-8.0021565	3.6315745
-1.7243116	-4.5259005
-1.2665752	-5.0385537
-1.3091716	-4.3799731
-1.7762484	6.4344344
-1.7928034	6.8535617
-1.6860548	7.1578275
-7.6868589	3.6898636
-2.0845251	7.3691794
-8.202754	4.014091
-7.3077373	4.176093
-1.553053	6.698205
-1.6373187	6.9443988
-1.9054734	6.6808949
-1.5563955	6.7044499
-2.1993936	-5.1121022
-1.9127927	-4.9138883
-1.8939865	6.8287686
-2.5713922	-4.677365
-2.3548536	-5.1992248
-8.3866878	4.0575682
-1.4621329	-3.748557
-9.091232	4.1070619
-1.9991312	-4.0372262
-0.8242261	-4.1116051
-1.8052898	6.5227324
-1.8361553	-5.635541
-1.7975335	6.7988039
-1.3386831	-4.6194947
-1.5830292	-4.8594141
-1.3155638	-4.1393318
-7.5589227	3.8802482
-1.6455844	-4.7759888
-1.29325	-4.5667926
-8.4499228	3.4971438
-1.8322966	-4.5176954
-8.5901997	3.1592771
-0.9127684	-4.6243404
-7.9623738	3.2761249
-1.8575365	-4.8476545
-1.8447673	6.9726095
-1.6859632	-4.7108007
-1.5257103	-4.7765485
-1.5627139	-5.9331268
-8.1630883	3.7961142
-1.8286607	6.7956206
-1.0573642	-4.2170449
-1.3656505	-3.6780474
-1.8434063	-5.7374917
-2.1361747	-4.5024767
-1.641683	-4.8727431
-1.5858158	-4.2208863
-1.4201969	-4.5039203
-1.7006657	5.9759598
-1.7020669	6.3271734
-1.481936	-6.0309506
-2.0400397	6.6214717
-1.7796908	6.8610167
-1.8259833	6.3322365
-1.6572657	6.6741666
-1.705169	7.106037
-1.3394623	-3.8306972
-1.7389778	-4.4358507
-1.2660097	-4.690299
-2.1692327	-5.2102469
-2.1503722	7.0760731
-8.3540029	3.5125711
-2.8680064	-4.8700665
-1.5720505	-4.0769291
-1.5403932	-5.3545442
-2.5427149	-5.2026519
-1.8375493	-4.8009036
-8.2505494	3.808135
-2.3692087	-5.385729
-2.0847972	-4.4091333
-1.6606788	-4.5670797
-1.7223358	6.755853
-8.013366	4.3147403
-1.1725565	-4.3115729
-2.2950179	-4.3970568
-8.6219398	3.8877121
-8.0371057	4.1103733
-8.0968073	4.1470468
-1.8308351	7.0744177
-8.0920111	3.513879
-7.335432	3.6302751
-1.3878402	-5.0468034
-1.2023982	-4.4654168
-1.1585918	-3.856613
-1.5498537	-3.9806753
-1.6109188	6.9014029
-1.7557251	-4.5243261
-8.278174	4.2363982
-8.0446027	4.1366794
-1.926186	-4.6372359
-1.5581445	-4.4708252
-1.1469913	-5.2722651
-1.3481228	-4.7856514
-1.9565696	-3.7570488
-8.5174999	3.7811059
-1.7715952	6.8709461
-1.6739562	-4.1267947
-1.9135946	-4.2486011
-2.1286144	-4.103149
-1.1840847	-3.7139929
-1.7674604	-5.5165311
-1.7884604	-4.8321271
-1.866127	-5.3678127
-8.1276247	3.3640663
-1.9226928	-5.0430807
-7.8980739	3.153346
-9.0414748	3.896731
-1.8224039	-4.5102836
-2.0408051	-4.6142849
-8.1504868	3.8857321
-1.9024543	6.8257728
-7.9723054	4.6942846
-1.9267069	6.8204878
-8.0020492	4.0223232
-2.3379102	-4.3968426
-1.591476	-4.0488243
-2.2660818	-4.5810048
-1.5802213	-4.4462028
-1.5841536	-4.4671225
-1.2764554	-5.2643113
-2.0355466	-4.116227
-1.5353681	-4.5628112
-1.8481195	-4.7010706
-1.8824301	-4.6820877
-1.8838203	6.7128942
-8.4649911	4.0346141
-8.3063559	3.9004271
-1.7504849	6.7398295
-1.2461574	-3.6940442
-1.994381	-4.5646177
-1.9531672	6.6397446
-2.3990644	-4.9637153
-8.3292028	4.1497643
-1.9148883	6.5455383
-1.4702792	-5.5844139
-8.5671472	4.3740811
-2.2867478	-4.6290429
-1.683246	-4.8277917
-0.9583348	-4.530533
-7.9918727	3.2904764
-1.9181407	-4.6301633
-8.3260439	3.7463497
-1.8659846	6.9053444
-0.8859238	-5.1686244
-1.9346508	-3.877665
-0.8535094	-4.0408522
-2.1961315	6.8256027
-1.9808987	-4.5499306
-1.783233	-4.7909035
-2.3486728	-5.5080819
-1.5844688	6.5718025
-1.8677028	6.1538029
-1.5959009	7.4297728
-1.7965183	6.4218899
-1.3243391	-4.8064761
-2.4358906	-5.5899074
-1.7461385	6.8641587
-1.6290074	6.545145
-8.0789334	3.7263741
-8.0693359	4.1467087
-1.8837597	-4.4647376
-1.8987247	-4.2941585
-2.2739123	-4.7346945
-1.9454134	-5.3838081
-2.5277048	-5.2845017
-1.6030035	6.533316
-1.5709453	6.4664365
-1.8784134	6.3386483
-1.5854844	-4.2802608
-8.40712	3.8360608
-2.1131253	-4.4722375
-2.0656236	-4.2969565
-1.8611988	-5.6596197
-1.6350825	-4.4410746
-1.6158686	-4.215844
-2.389033	-4.246297
-1.4137791	-4.7843083
-8.2807914	4.0594824
-1.9424456	6.4944031
-8.5387966	4.3685204
-1.66029	6.7899997
-2.6910414	-5.9505117
-2.041752	6.3713368
-1.869474	6.472865
-2.2005405	-4.586458
-1.1112376	-3.8114664
-1.7209491	-5.1362318
-8.2659476	3.4751439
